id,recorded_type,recorded_date,recorded_amount,recorded_approver,recorded_preparer,recorded_payment/receipt_status,recorded_payment_method,recorded_cost_per_unit,supplier_id,supplier_name,product_id,recorded_product_name,recorded_quantity,recorded_unit_price,recorded_receive_method,recorded_customer_id,recorded_tax_amount,recorded_after_tax_amount,recorded_cost_amount,recorded_profit,invoice,risk_issues
Initial20231231001,Cash deposit,2023-12-31,3000000.0,,,,,,,,,,,,,,,,,,"On December 31, 2023, an invoice was issued for a Cash deposit, totaling $3000000.00.",
Initial20231231001,Bank deposit,2023-12-31,5000000.0,,,,,,,,,,,,,,,,,,"On December 31, 2023, an invoice was issued for a Bank deposit, totaling $5000000.00.",
Initial20231231001,Fixed Assets,2023-12-31,5000000.0,,,,,,,,,,,,,,,,,,"On December 31, 2023, an invoice was issued for a Fixed Assets, totaling $5000000.00.",
Purchase20231231001,Purchase,2023-12-31,300000.0,Director,Staff,Paid,Bank Transfer,100000.0,S009,Supplier 9,S004,Enterprise Solution,3.0,100000.0,,,,,,,"On December 31, 2023, an invoice was issued for a Purchase, consisting of 3.0 units at a unit price of $100000.00, totaling $300000.00. The payment_method of this transaction was bank transfer, and this transaction was paid. This transaction was prepared by Staff, and the approver is Director. The supplier ID is S009, and the supplier name is Supplier 9.",
Expense20240101001,Administrative Expenses,2024-01-01,7069.68,Director,Staff,Paid,Cash,,,,,,,,,,,,,,"On January 01, 2024, an invoice was issued for a Administrative Expenses, totaling $7069.68. The payment_method of this transaction was cash, and this transaction was paid. This transaction was prepared by Staff, and the approver is Director.",
Expense20240101001,Administrative Expenses,2024-01-01,13381.35,Director,Staff,Paid,Cash,,,,,,,,,,,,,,"On January 01, 2024, an invoice was issued for a Administrative Expenses, totaling $13381.35. The payment_method of this transaction was cash, and this transaction was paid. This transaction was prepared by Staff, and the approver is Director.",
Depreciation20240101001,Depreciation,2024-01-01,45747.38,,,,,,,,,,,,,,,,,,"On January 01, 2024, an invoice was issued for a Depreciation, totaling $45747.38.",
Interest20240101001,Interest Receivables,2024-01-01,418.3,,,Unpaid,,,,,,,,,Interest receviable,,,,,,"On January 01, 2024, an invoice was issued for a Interest Receivables, totaling $418.30. The receive_method of this transaction was interest receviable, and this transaction was unpaid.",
Sale20240102001,Sale,2024-01-02,284230.98,,,Unpaid,,100000.0,,,S004,Enterprise Solution,1.0,284230.98,Account Receviable,C020,14211.55,270019.43,100000.0,184230.98,"On January 02, 2024, an invoice was issued for a Sale, consisting of 1.0 units at a unit price of $284230.98, totaling $284230.98. The cost amount for this transaction was $100000.00, with a tax amount of $14211.55, leading to a total amount due of $270019.43. The receive_method of this transaction was account receviable, and this transaction was unpaid.",
Sale20240102002,Sale,2024-01-02,274894.93,,,Unpaid,,100000.0,,,S004,Enterprise Solution,1.0,274894.93,Account Receviable,C001,13744.75,261150.18,100000.0,174894.93,"On January 02, 2024, an invoice was issued for a Sale, consisting of 1.0 units at a unit price of $274894.93, totaling $274894.93. The cost amount for this transaction was $100000.00, with a tax amount of $13744.75, leading to a total amount due of $261150.18. The receive_method of this transaction was account receviable, and this transaction was unpaid.",
Expense20240102001,Administrative Expenses,2024-01-02,18522.55,Director,Staff,Paid,Cash,,,,,,,,,,,,,,"On January 02, 2024, an invoice was issued for a Administrative Expenses, totaling $18522.55. The payment_method of this transaction was cash, and this transaction was paid. This transaction was prepared by Staff, and the approver is Director.",
Expense20240102001,Sales Expenses,2024-01-02,13305.95,Director,Supervisor,Paid,Cash,,,,,,,,,,,,,,"On January 02, 2024, an invoice was issued for a Sales Expenses, totaling $13305.95. The payment_method of this transaction was cash, and this transaction was paid. This transaction was prepared by Supervisor, and the approver is Director.",
Interest20240102002,Interest Receivables,2024-01-02,418.3,,,Unpaid,,,,,,,,,Interest receviable,,,,,,"On January 02, 2024, an invoice was issued for a Interest Receivables, totaling $418.30. The receive_method of this transaction was interest receviable, and this transaction was unpaid.",
Sale20240103004,Sale,2024-01-03,287021.71,,,Unpaid,,100000.0,,,S004,Enterprise Solution,1.0,287021.71,Account Receviable,C002,14351.09,272670.62,100000.0,187021.71,"On January 03, 2024, an invoice was issued for a Sale, consisting of 1.0 units at a unit price of $287021.71, totaling $287021.71. The cost amount for this transaction was $100000.00, with a tax amount of $14351.09, leading to a total amount due of $272670.62. The receive_method of this transaction was account receviable, and this transaction was unpaid.",
Expense20240103001,Sales Expenses,2024-01-03,11861.78,Director,Staff,Paid,Cash,,,,,,,,,,,,,,"On January 03, 2024, an invoice was issued for a Sales Expenses, totaling $11861.78. The payment_method of this transaction was cash, and this transaction was paid. This transaction was prepared by Staff, and the approver is Director.",
Interest20240103003,Interest Receivables,2024-01-03,418.3,,,Unpaid,,,,,,,,,Interest receviable,,,,,,"On January 03, 2024, an invoice was issued for a Interest Receivables, totaling $418.30. The receive_method of this transaction was interest receviable, and this transaction was unpaid.",
Purchase20231231002,Purchase,2023-12-31,2000.0,Director,Supervisor,Paid,Bank Transfer,1000.0,S008,Supplier 8,S001,Basic Consulting,2.0,1000.0,,,,,,,"On December 31, 2023, an invoice was issued for a Purchase, consisting of 2.0 units at a unit price of $1000.00, totaling $2000.00. The payment_method of this transaction was bank transfer, and this transaction was paid. This transaction was prepared by Supervisor, and the approver is Director. The supplier ID is S008, and the supplier name is Supplier 8.",
Expense20240104001,Administrative Expenses,2024-01-04,7550.68,Director,Staff,Paid,Cash,,,,,,,,,,,,,,"On January 04, 2024, an invoice was issued for a Administrative Expenses, totaling $7550.68. The payment_method of this transaction was cash, and this transaction was paid. This transaction was prepared by Staff, and the approver is Director.",
Interest20240104004,Interest Receivables,2024-01-04,418.12,,,Unpaid,,,,,,,,,Interest receviable,,,,,,"On January 04, 2024, an invoice was issued for a Interest Receivables, totaling $418.12. The receive_method of this transaction was interest receviable, and this transaction was unpaid.",
Purchase20231231003,Purchase,2023-12-31,300000.0,Director,Staff,Paid,Cash,100000.0,S001,Supplier 1,S004,Enterprise Solution,3.0,100000.0,,,,,,,"On December 31, 2023, an invoice was issued for a Purchase, consisting of 3.0 units at a unit price of $100000.00, totaling $300000.00. The payment_method of this transaction was cash, and this transaction was paid. This transaction was prepared by Staff, and the approver is Director. The supplier ID is S001, and the supplier name is Supplier 1.",
Expense20240105001,Financial Expenses,2024-01-05,7928.54,Director,Staff,Paid,Cash,,,,,,,,,,,,,,"On January 05, 2024, an invoice was issued for a Financial Expenses, totaling $7928.54. The payment_method of this transaction was cash, and this transaction was paid. This transaction was prepared by Staff, and the approver is Director.",
Interest20240105005,Interest Receivables,2024-01-05,418.12,,,Unpaid,,,,,,,,,Interest receviable,,,,,,"On January 05, 2024, an invoice was issued for a Interest Receivables, totaling $418.12. The receive_method of this transaction was interest receviable, and this transaction was unpaid.",
Sale20240106006,Sale,2024-01-06,180661.23,,,Unpaid,,100000.0,,,S004,Enterprise Solution,1.0,180661.23,Account Receviable,C005,9033.06,171628.17,100000.0,80661.23,"On January 06, 2024, an invoice was issued for a Sale, consisting of 1.0 units at a unit price of $180661.23, totaling $180661.23. The cost amount for this transaction was $100000.00, with a tax amount of $9033.06, leading to a total amount due of $171628.17. The receive_method of this transaction was account receviable, and this transaction was unpaid.",
Purchase20231231004,Purchase,2023-12-31,1000.0,Director,Supervisor,Paid,Bank Transfer,1000.0,S007,Supplier 7,S001,Basic Consulting,1.0,1000.0,,,,,,,"On December 31, 2023, an invoice was issued for a Purchase, consisting of 1.0 units at a unit price of $1000.00, totaling $1000.00. The payment_method of this transaction was bank transfer, and this transaction was paid. This transaction was prepared by Supervisor, and the approver is Director. The supplier ID is S007, and the supplier name is Supplier 7.",
Purchase20231231005,Purchase,2023-12-31,200000.0,Director,Supervisor,Paid,Cash,100000.0,S007,Supplier 7,S004,Enterprise Solution,2.0,100000.0,,,,,,,"On December 31, 2023, an invoice was issued for a Purchase, consisting of 2.0 units at a unit price of $100000.00, totaling $200000.00. The payment_method of this transaction was cash, and this transaction was paid. This transaction was prepared by Supervisor, and the approver is Director. The supplier ID is S007, and the supplier name is Supplier 7.",
Expense20240106001,Sales Expenses,2024-01-06,13930.48,Director,Supervisor,Paid,Cash,,,,,,,,,,,,,,"On January 06, 2024, an invoice was issued for a Sales Expenses, totaling $13930.48. The payment_method of this transaction was cash, and this transaction was paid. This transaction was prepared by Supervisor, and the approver is Director.",
Expense20240106001,Administrative Expenses,2024-01-06,17921.98,Director,Staff,Paid,Cash,,,,,,,,,,,,,,"On January 06, 2024, an invoice was issued for a Administrative Expenses, totaling $17921.98. The payment_method of this transaction was cash, and this transaction was paid. This transaction was prepared by Staff, and the approver is Director.",
Interest20240106006,Interest Receivables,2024-01-06,418.03,,,Unpaid,,,,,,,,,Interest receviable,,,,,,"On January 06, 2024, an invoice was issued for a Interest Receivables, totaling $418.03. The receive_method of this transaction was interest receviable, and this transaction was unpaid.",
Sale20240107008,Sale,2024-01-07,2041.74,,,Unpaid,,1000.0,,,S001,Basic Consulting,1.0,2041.74,Account Receviable,C020,102.09,1939.65,1000.0,1041.74,"On January 07, 2024, an invoice was issued for a Sale, consisting of 1.0 units at a unit price of $2041.74, totaling $2041.74. The cost amount for this transaction was $1000.00, with a tax amount of $102.09, leading to a total amount due of $1939.65. The receive_method of this transaction was account receviable, and this transaction was unpaid.",
Expense20240107001,Sales Expenses,2024-01-07,12925.57,Director,Staff,Paid,Cash,,,,,,,,,,,,,,"On January 07, 2024, an invoice was issued for a Sales Expenses, totaling $12925.57. The payment_method of this transaction was cash, and this transaction was paid. This transaction was prepared by Staff, and the approver is Director.",
Interest20240107007,Interest Receivables,2024-01-07,418.03,,,Unpaid,,,,,,,,,Interest receviable,,,,,,"On January 07, 2024, an invoice was issued for a Interest Receivables, totaling $418.03. The receive_method of this transaction was interest receviable, and this transaction was unpaid.",
Sale20240108010,Sale,2024-01-08,285922.71,,,Paid,,100000.0,,,S004,Enterprise Solution,1.0,285922.71,Cash,C019,14296.14,271626.57,100000.0,185922.71,"On January 08, 2024, an invoice was issued for a Sale, consisting of 1.0 units at a unit price of $285922.71, totaling $285922.71. The cost amount for this transaction was $100000.00, with a tax amount of $14296.14, leading to a total amount due of $271626.57. The receive_method of this transaction was cash, and this transaction was paid.",
Expense20240108001,Sales Expenses,2024-01-08,8666.24,Director,Staff,Paid,Cash,,,,,,,,,,,,,,"On January 08, 2024, an invoice was issued for a Sales Expenses, totaling $8666.24. The payment_method of this transaction was cash, and this transaction was paid. This transaction was prepared by Staff, and the approver is Director.",
Expense20240108001,Administrative Expenses,2024-01-08,16893.65,Director,Staff,Paid,Cash,,,,,,,,,,,,,,"On January 08, 2024, an invoice was issued for a Administrative Expenses, totaling $16893.65. The payment_method of this transaction was cash, and this transaction was paid. This transaction was prepared by Staff, and the approver is Director.",
Interest20240108008,Interest Receivables,2024-01-08,418.03,,,Unpaid,,,,,,,,,Interest receviable,,,,,,"On January 08, 2024, an invoice was issued for a Interest Receivables, totaling $418.03. The receive_method of this transaction was interest receviable, and this transaction was unpaid.",
Expense20240109001,Administrative Expenses,2024-01-09,9840.4,Director,Senior Staff,Paid,Cash,,,,,,,,,,,,,,"On January 09, 2024, an invoice was issued for a Administrative Expenses, totaling $9840.40. The payment_method of this transaction was cash, and this transaction was paid. This transaction was prepared by Senior Staff, and the approver is Director.",
Interest20240109009,Interest Receivables,2024-01-09,418.03,,,Unpaid,,,,,,,,,Interest receviable,,,,,,"On January 09, 2024, an invoice was issued for a Interest Receivables, totaling $418.03. The receive_method of this transaction was interest receviable, and this transaction was unpaid.",
Sale20240110012,Sale,2024-01-10,1925.47,,,Unpaid,,1000.0,,,S001,Basic Consulting,1.0,1925.47,Account Receviable,C017,96.27,1829.2,1000.0,925.47,"On January 10, 2024, an invoice was issued for a Sale, consisting of 1.0 units at a unit price of $1925.47, totaling $1925.47. The cost amount for this transaction was $1000.00, with a tax amount of $96.27, leading to a total amount due of $1829.20. The receive_method of this transaction was account receviable, and this transaction was unpaid.",
Sale20240110013,Sale,2024-01-10,295859.81,,,Unpaid,,100000.0,,,S004,Enterprise Solution,1.0,295859.81,Account Receviable,C012,14792.99,281066.82,100000.0,195859.81,"On January 10, 2024, an invoice was issued for a Sale, consisting of 1.0 units at a unit price of $295859.81, totaling $295859.81. The cost amount for this transaction was $100000.00, with a tax amount of $14792.99, leading to a total amount due of $281066.82. The receive_method of this transaction was account receviable, and this transaction was unpaid.",
Expense20240110001,Financial Expenses,2024-01-10,9001.74,Director,Staff,Paid,Cash,,,,,,,,,,,,,,"On January 10, 2024, an invoice was issued for a Financial Expenses, totaling $9001.74. The payment_method of this transaction was cash, and this transaction was paid. This transaction was prepared by Staff, and the approver is Director.",
Expense20240110001,Sales Expenses,2024-01-10,14246.91,Director,Staff,Paid,Cash,,,,,,,,,,,,,,"On January 10, 2024, an invoice was issued for a Sales Expenses, totaling $14246.91. The payment_method of this transaction was cash, and this transaction was paid. This transaction was prepared by Staff, and the approver is Director.",
Interest20240110010,Interest Receivables,2024-01-10,418.03,,,Unpaid,,,,,,,,,Interest receviable,,,,,,"On January 10, 2024, an invoice was issued for a Interest Receivables, totaling $418.03. The receive_method of this transaction was interest receviable, and this transaction was unpaid.",
Sale20240111015,Sale,2024-01-11,2212.39,,,Unpaid,,1000.0,,,S001,Basic Consulting,1.0,2212.39,Account Receviable,C001,110.62,2101.77,1000.0,1212.39,"On January 11, 2024, an invoice was issued for a Sale, consisting of 1.0 units at a unit price of $2212.39, totaling $2212.39. The cost amount for this transaction was $1000.00, with a tax amount of $110.62, leading to a total amount due of $2101.77. The receive_method of this transaction was account receviable, and this transaction was unpaid.",
Sale20240111016,Sale,2024-01-11,277286.94,,,Unpaid,,100000.0,,,S004,Enterprise Solution,1.0,277286.94,Account Receviable,C010,13864.35,263422.59,100000.0,206879.33,"On January 11, 2024, an invoice was issued for a Sale, consisting of 1.0 units at a unit price of $277286.94, totaling $277286.94. The cost amount for this transaction was $100000.00, with a tax amount of $13864.35, leading to a total amount due of $263422.59. The receive_method of this transaction was account receviable, and this transaction was unpaid.","[{'Original profit': 177286.94, 'Recorded profit': 206879.33, 'id': 'Sale20240111016'}]"
Sale20240111017,Sale,2024-01-11,193204.06,,,Paid,,100000.0,,,S004,Enterprise Solution,1.0,193204.06,Cash,C007,9660.2,183543.86,100000.0,93204.06,"On January 11, 2024, an invoice was issued for a Sale, consisting of 1.0 units at a unit price of $193204.06, totaling $193204.06. The cost amount for this transaction was $100000.00, with a tax amount of $9660.20, leading to a total amount due of $183543.86. The receive_method of this transaction was cash, and this transaction was paid.",
Purchase20231231006,Purchase,2023-12-31,5000.0,Director,Supervisor,Unpaid,Account Payable,5000.0,S007,Supplier 7,S002,Standard Consulting,1.0,5000.0,,,,,,,"On December 31, 2023, an invoice was issued for a Purchase, consisting of 1.0 units at a unit price of $5000.00, totaling $5000.00. The payment_method of this transaction was account payable, and this transaction was unpaid. This transaction was prepared by Supervisor, and the approver is Director. The supplier ID is S007, and the supplier name is Supplier 7.",
Expense20240111001,Financial Expenses,2024-01-11,7754.91,Director,Supervisor,Paid,Cash,,,,,,,,,,,,,,"On January 11, 2024, an invoice was issued for a Financial Expenses, totaling $7754.91. The payment_method of this transaction was cash, and this transaction was paid. This transaction was prepared by Supervisor, and the approver is Director.",
Interest20240111011,Interest Receivables,2024-01-11,418.03,,,Unpaid,,,,,,,,,Interest receviable,,,,,,"On January 11, 2024, an invoice was issued for a Interest Receivables, totaling $418.03. The receive_method of this transaction was interest receviable, and this transaction was unpaid.",
Sale20240112018,Sale,2024-01-12,13759.13,,,Unpaid,,5000.0,,,S002,Standard Consulting,1.0,13759.13,Account Receviable,C002,687.96,13071.17,5000.0,8759.13,"On January 12, 2024, an invoice was issued for a Sale, consisting of 1.0 units at a unit price of $13759.13, totaling $13759.13. The cost amount for this transaction was $5000.00, with a tax amount of $687.96, leading to a total amount due of $13071.17. The receive_method of this transaction was account receviable, and this transaction was unpaid.",
Expense20240112001,Sales Expenses,2024-01-12,16705.92,Director,Senior Staff,Paid,Cash,,,,,,,,,,,,,,"On January 12, 2024, an invoice was issued for a Sales Expenses, totaling $16705.92. The payment_method of this transaction was cash, and this transaction was paid. This transaction was prepared by Senior Staff, and the approver is Director.",
Interest20240112012,Interest Receivables,2024-01-12,418.03,,,Unpaid,,,,,,,,,Interest receviable,,,,,,"On January 12, 2024, an invoice was issued for a Interest Receivables, totaling $418.03. The receive_method of this transaction was interest receviable, and this transaction was unpaid.",
Expense20240113001,Sales Expenses,2024-01-13,19270.58,Director,Staff,Paid,Cash,,,,,,,,,,,,,,"On January 13, 2024, an invoice was issued for a Sales Expenses, totaling $19270.58. The payment_method of this transaction was cash, and this transaction was paid. This transaction was prepared by Staff, and the approver is Director.",
Expense20240113001,Sales Expenses,2024-01-13,3803.96,Director,Supervisor,Paid,Cash,,,,,,,,,,,,,,"On January 13, 2024, an invoice was issued for a Sales Expenses, totaling $3803.96. The payment_method of this transaction was cash, and this transaction was paid. This transaction was prepared by Supervisor, and the approver is Director.",
Interest20240113013,Interest Receivables,2024-01-13,418.03,,,Unpaid,,,,,,,,,Interest receviable,,,,,,"On January 13, 2024, an invoice was issued for a Interest Receivables, totaling $418.03. The receive_method of this transaction was interest receviable, and this transaction was unpaid.",
Expense20240114001,Administrative Expenses,2024-01-14,16654.12,Director,Staff,Paid,Cash,,,,,,,,,,,,,,"On January 14, 2024, an invoice was issued for a Administrative Expenses, totaling $16654.12. The payment_method of this transaction was cash, and this transaction was paid. This transaction was prepared by Staff, and the approver is Director.",
Expense20240114001,Administrative Expenses,2024-01-14,4461.27,Director,Staff,Paid,Cash,,,,,,,,,,,,,,"On January 14, 2024, an invoice was issued for a Administrative Expenses, totaling $4461.27. The payment_method of this transaction was cash, and this transaction was paid. This transaction was prepared by Staff, and the approver is Director.",
Interest20240114014,Interest Receivables,2024-01-14,418.03,,,Unpaid,,,,,,,,,Interest receviable,,,,,,"On January 14, 2024, an invoice was issued for a Interest Receivables, totaling $418.03. The receive_method of this transaction was interest receviable, and this transaction was unpaid.",
Expense20240115001,Sales Expenses,2024-01-15,19701.69,Director,Staff,Paid,Cash,,,,,,,,,,,,,,"On January 15, 2024, an invoice was issued for a Sales Expenses, totaling $19701.69. The payment_method of this transaction was cash, and this transaction was paid. This transaction was prepared by Staff, and the approver is Director.",
Expense20240115001,Sales Expenses,2024-01-15,13134.95,Director,Supervisor,Paid,Cash,,,,,,,,,,,,,,"On January 15, 2024, an invoice was issued for a Sales Expenses, totaling $13134.95. The payment_method of this transaction was cash, and this transaction was paid. This transaction was prepared by Supervisor, and the approver is Director.",
Interest20240115015,Interest Receivables,2024-01-15,418.03,,,Unpaid,,,,,,,,,Interest receviable,,,,,,"On January 15, 2024, an invoice was issued for a Interest Receivables, totaling $418.03. The receive_method of this transaction was interest receviable, and this transaction was unpaid.",
Expense20240116001,Sales Expenses,2024-01-16,13669.93,Director,Staff,Paid,Cash,,,,,,,,,,,,,,"On January 16, 2024, an invoice was issued for a Sales Expenses, totaling $13669.93. The payment_method of this transaction was cash, and this transaction was paid. This transaction was prepared by Staff, and the approver is Director.",
Interest20240116016,Interest Receivables,2024-01-16,418.03,,,Unpaid,,,,,,,,,Interest receviable,,,,,,"On January 16, 2024, an invoice was issued for a Interest Receivables, totaling $418.03. The receive_method of this transaction was interest receviable, and this transaction was unpaid.",
Expense20240117001,Sales Expenses,2024-01-17,10766.33,Director,Supervisor,Paid,Cash,,,,,,,,,,,,,,"On January 17, 2024, an invoice was issued for a Sales Expenses, totaling $10766.33. The payment_method of this transaction was cash, and this transaction was paid. This transaction was prepared by Supervisor, and the approver is Director.",
Expense20240117001,Administrative Expenses,2024-01-17,12390.55,Director,Staff,Paid,Cash,,,,,,,,,,,,,,"On January 17, 2024, an invoice was issued for a Administrative Expenses, totaling $12390.55. The payment_method of this transaction was cash, and this transaction was paid. This transaction was prepared by Staff, and the approver is Director.",
Interest20240117017,Interest Receivables,2024-01-17,418.03,,,Unpaid,,,,,,,,,Interest receviable,,,,,,"On January 17, 2024, an invoice was issued for a Interest Receivables, totaling $418.03. The receive_method of this transaction was interest receviable, and this transaction was unpaid.",
Expense20240118001,Administrative Expenses,2024-01-18,17013.85,Director,Staff,Paid,Cash,,,,,,,,,,,,,,"On January 18, 2024, an invoice was issued for a Administrative Expenses, totaling $17013.85. The payment_method of this transaction was cash, and this transaction was paid. This transaction was prepared by Staff, and the approver is Director.",
Expense20240118001,Sales Expenses,2024-01-18,5600.05,Director,Staff,Paid,Cash,,,,,,,,,,,,,,"On January 18, 2024, an invoice was issued for a Sales Expenses, totaling $5600.05. The payment_method of this transaction was cash, and this transaction was paid. This transaction was prepared by Staff, and the approver is Director.",
Interest20240118018,Interest Receivables,2024-01-18,418.03,,,Unpaid,,,,,,,,,Interest receviable,,,,,,"On January 18, 2024, an invoice was issued for a Interest Receivables, totaling $418.03. The receive_method of this transaction was interest receviable, and this transaction was unpaid.",
Expense20240119001,Sales Expenses,2024-01-19,8771.29,Director,Supervisor,Paid,Cash,,,,,,,,,,,,,,"On January 19, 2024, an invoice was issued for a Sales Expenses, totaling $8771.29. The payment_method of this transaction was cash, and this transaction was paid. This transaction was prepared by Supervisor, and the approver is Director.",
Expense20240119001,Administrative Expenses,2024-01-19,18333.0,Director,Senior Staff,Paid,Cash,,,,,,,,,,,,,,"On January 19, 2024, an invoice was issued for a Administrative Expenses, totaling $18333.00. The payment_method of this transaction was cash, and this transaction was paid. This transaction was prepared by Senior Staff, and the approver is Director.",
Interest20240119019,Interest Receivables,2024-01-19,418.03,,,Unpaid,,,,,,,,,Interest receviable,,,,,,"On January 19, 2024, an invoice was issued for a Interest Receivables, totaling $418.03. The receive_method of this transaction was interest receviable, and this transaction was unpaid.",
Expense20240120001,Sales Expenses,2024-01-20,10538.58,Director,Staff,Paid,Cash,,,,,,,,,,,,,,"On January 20, 2024, an invoice was issued for a Sales Expenses, totaling $10538.58. The payment_method of this transaction was cash, and this transaction was paid. This transaction was prepared by Staff, and the approver is Director.",
Expense20240120001,Sales Expenses,2024-01-20,17948.72,Director,Staff,Paid,Cash,,,,,,,,,,,,,,"On January 20, 2024, an invoice was issued for a Sales Expenses, totaling $17948.72. The payment_method of this transaction was cash, and this transaction was paid. This transaction was prepared by Staff, and the approver is Director.",
Interest20240120020,Interest Receivables,2024-01-20,418.03,,,Unpaid,,,,,,,,,Interest receviable,,,,,,"On January 20, 2024, an invoice was issued for a Interest Receivables, totaling $418.03. The receive_method of this transaction was interest receviable, and this transaction was unpaid.",
Expense20240121001,Administrative Expenses,2024-01-21,17959.24,Director,Supervisor,Paid,Cash,,,,,,,,,,,,,,"On January 21, 2024, an invoice was issued for a Administrative Expenses, totaling $17959.24. The payment_method of this transaction was cash, and this transaction was paid. This transaction was prepared by Supervisor, and the approver is Director.",
Expense20240121001,Sales Expenses,2024-01-21,11989.77,Director,Supervisor,Paid,Cash,,,,,,,,,,,,,,"On January 21, 2024, an invoice was issued for a Sales Expenses, totaling $11989.77. The payment_method of this transaction was cash, and this transaction was paid. This transaction was prepared by Supervisor, and the approver is Director.",
Interest20240121021,Interest Receivables,2024-01-21,418.03,,,Unpaid,,,,,,,,,Interest receviable,,,,,,"On January 21, 2024, an invoice was issued for a Interest Receivables, totaling $418.03. The receive_method of this transaction was interest receviable, and this transaction was unpaid.",
Purchase20231231007,Purchase,2023-12-31,3000.0,Director,Supervisor,Paid,Bank Transfer,1000.0,S007,Supplier 7,S001,Basic Consulting,3.0,1000.0,,,,,,,"On December 31, 2023, an invoice was issued for a Purchase, consisting of 3.0 units at a unit price of $1000.00, totaling $3000.00. The payment_method of this transaction was bank transfer, and this transaction was paid. This transaction was prepared by Supervisor, and the approver is Director. The supplier ID is S007, and the supplier name is Supplier 7.",
Expense20240122001,Financial Expenses,2024-01-22,3133.97,Director,Staff,Paid,Cash,,,,,,,,,,,,,,"On January 22, 2024, an invoice was issued for a Financial Expenses, totaling $3133.97. The payment_method of this transaction was cash, and this transaction was paid. This transaction was prepared by Staff, and the approver is Director.",
Interest20240122022,Interest Receivables,2024-01-22,417.77,,,Unpaid,,,,,,,,,Interest receviable,,,,,,"On January 22, 2024, an invoice was issued for a Interest Receivables, totaling $417.77. The receive_method of this transaction was interest receviable, and this transaction was unpaid.",
Sale20240123031,Sale,2024-01-23,2384.14,,,Unpaid,,1000.0,,,S001,Basic Consulting,1.0,2384.14,Account Receviable,C013,119.21,2264.93,1000.0,1384.14,"On January 23, 2024, an invoice was issued for a Sale, consisting of 1.0 units at a unit price of $2384.14, totaling $2384.14. The cost amount for this transaction was $1000.00, with a tax amount of $119.21, leading to a total amount due of $2264.93. The receive_method of this transaction was account receviable, and this transaction was unpaid.",
Purchase20231231008,Purchase,2023-12-31,2000.0,Director,Supervisor,Unpaid,Account Payable,1000.0,S001,Supplier 1,S001,Basic Consulting,2.0,1000.0,,,,,,,"On December 31, 2023, an invoice was issued for a Purchase, consisting of 2.0 units at a unit price of $1000.00, totaling $2000.00. The payment_method of this transaction was account payable, and this transaction was unpaid. This transaction was prepared by Supervisor, and the approver is Director. The supplier ID is S001, and the supplier name is Supplier 1.",
Expense20240123001,Administrative Expenses,2024-01-23,2784.18,Director,Staff,Paid,Cash,,,,,,,,,,,,,,"On January 23, 2024, an invoice was issued for a Administrative Expenses, totaling $2784.18. The payment_method of this transaction was cash, and this transaction was paid. This transaction was prepared by Staff, and the approver is Director.",
Expense20240123001,Administrative Expenses,2024-01-23,13728.52,Director,Supervisor,Paid,Cash,,,,,,,,,,,,,,"On January 23, 2024, an invoice was issued for a Administrative Expenses, totaling $13728.52. The payment_method of this transaction was cash, and this transaction was paid. This transaction was prepared by Supervisor, and the approver is Director.",
Interest20240123023,Interest Receivables,2024-01-23,417.77,,,Unpaid,,,,,,,,,Interest receviable,,,,,,"On January 23, 2024, an invoice was issued for a Interest Receivables, totaling $417.77. The receive_method of this transaction was interest receviable, and this transaction was unpaid.",
Expense20240124001,Administrative Expenses,2024-01-24,19421.61,Director,Supervisor,Paid,Cash,,,,,,,,,,,,,,"On January 24, 2024, an invoice was issued for a Administrative Expenses, totaling $19421.61. The payment_method of this transaction was cash, and this transaction was paid. This transaction was prepared by Supervisor, and the approver is Director.",
Expense20240124001,Sales Expenses,2024-01-24,8398.64,Director,Senior Staff,Paid,Cash,,,,,,,,,,,,,,"On January 24, 2024, an invoice was issued for a Sales Expenses, totaling $8398.64. The payment_method of this transaction was cash, and this transaction was paid. This transaction was prepared by Senior Staff, and the approver is Director.",
Interest20240124024,Interest Receivables,2024-01-24,417.77,,,Unpaid,,,,,,,,,Interest receviable,,,,,,"On January 24, 2024, an invoice was issued for a Interest Receivables, totaling $417.77. The receive_method of this transaction was interest receviable, and this transaction was unpaid.",
Purchase20231231009,Purchase,2023-12-31,200000.0,Director,Staff,Unpaid,Account Payable,100000.0,S006,Supplier 6,S004,Enterprise Solution,2.0,100000.0,,,,,,,"On December 31, 2023, an invoice was issued for a Purchase, consisting of 2.0 units at a unit price of $100000.00, totaling $200000.00. The payment_method of this transaction was account payable, and this transaction was unpaid. This transaction was prepared by Staff, and the approver is Director. The supplier ID is S006, and the supplier name is Supplier 6.",
Expense20240125001,Sales Expenses,2024-01-25,5737.39,Director,Staff,Paid,Cash,,,,,,,,,,,,,,"On January 25, 2024, an invoice was issued for a Sales Expenses, totaling $5737.39. The payment_method of this transaction was cash, and this transaction was paid. This transaction was prepared by Staff, and the approver is Director.",
Expense20240125001,Administrative Expenses,2024-01-25,3082.57,Director,Supervisor,Paid,Cash,,,,,,,,,,,,,,"On January 25, 2024, an invoice was issued for a Administrative Expenses, totaling $3082.57. The payment_method of this transaction was cash, and this transaction was paid. This transaction was prepared by Supervisor, and the approver is Director.",
Interest20240125025,Interest Receivables,2024-01-25,417.77,,,Unpaid,,,,,,,,,Interest receviable,,,,,,"On January 25, 2024, an invoice was issued for a Interest Receivables, totaling $417.77. The receive_method of this transaction was interest receviable, and this transaction was unpaid.",
Purchase20231231010,Purchase,2023-12-31,200000.0,Director,Staff,Unpaid,Account Payable,100000.0,S003,Supplier 3,S004,Enterprise Solution,2.0,100000.0,,,,,,,"On December 31, 2023, an invoice was issued for a Purchase, consisting of 2.0 units at a unit price of $100000.00, totaling $200000.00. The payment_method of this transaction was account payable, and this transaction was unpaid. This transaction was prepared by Staff, and the approver is Director. The supplier ID is S003, and the supplier name is Supplier 3.",
Expense20240126001,Sales Expenses,2024-01-26,14261.76,Director,Supervisor,Paid,Cash,,,,,,,,,,,,,,"On January 26, 2024, an invoice was issued for a Sales Expenses, totaling $14261.76. The payment_method of this transaction was cash, and this transaction was paid. This transaction was prepared by Supervisor, and the approver is Director.",
Expense20240126001,Sales Expenses,2024-01-26,5081.0,Director,Staff,Paid,Cash,,,,,,,,,,,,,,"On January 26, 2024, an invoice was issued for a Sales Expenses, totaling $5081.00. The payment_method of this transaction was cash, and this transaction was paid. This transaction was prepared by Staff, and the approver is Director.",
Interest20240126026,Interest Receivables,2024-01-26,417.77,,,Unpaid,,,,,,,,,Interest receviable,,,,,,"On January 26, 2024, an invoice was issued for a Interest Receivables, totaling $417.77. The receive_method of this transaction was interest receviable, and this transaction was unpaid.",
Sale20240127036,Sale,2024-01-27,2203.63,,,Paid,,1000.0,,,S001,Basic Consulting,1.0,2203.63,Cash,C004,110.18,2093.45,1000.0,1203.63,"On January 27, 2024, an invoice was issued for a Sale, consisting of 1.0 units at a unit price of $2203.63, totaling $2203.63. The cost amount for this transaction was $1000.00, with a tax amount of $110.18, leading to a total amount due of $2093.45. The receive_method of this transaction was cash, and this transaction was paid.",
Expense20240127001,Administrative Expenses,2024-01-27,3882.45,Director,Senior Staff,Paid,Cash,,,,,,,,,,,,,,"On January 27, 2024, an invoice was issued for a Administrative Expenses, totaling $3882.45. The payment_method of this transaction was cash, and this transaction was paid. This transaction was prepared by Senior Staff, and the approver is Director.",
Expense20240127001,Financial Expenses,2024-01-27,4579.76,Director,Supervisor,Paid,Cash,,,,,,,,,,,,,,"On January 27, 2024, an invoice was issued for a Financial Expenses, totaling $4579.76. The payment_method of this transaction was cash, and this transaction was paid. This transaction was prepared by Supervisor, and the approver is Director.",
Interest20240127027,Interest Receivables,2024-01-27,417.77,,,Unpaid,,,,,,,,,Interest receviable,,,,,,"On January 27, 2024, an invoice was issued for a Interest Receivables, totaling $417.77. The receive_method of this transaction was interest receviable, and this transaction was unpaid.",
Sale20240128037,Sale,2024-01-28,241259.43,,,Unpaid,,100000.0,,,S004,Enterprise Solution,1.0,241259.43,Account Receviable,C004,12062.97,229196.46,100000.0,141259.43,"On January 28, 2024, an invoice was issued for a Sale, consisting of 1.0 units at a unit price of $241259.43, totaling $241259.43. The cost amount for this transaction was $100000.00, with a tax amount of $12062.97, leading to a total amount due of $229196.46. The receive_method of this transaction was account receviable, and this transaction was unpaid.",
Sale20240128038,Sale,2024-01-28,264938.8,,,Unpaid,,100000.0,,,S004,Enterprise Solution,1.0,264938.8,Account Receviable,C001,13246.94,251691.86,100000.0,164938.8,"On January 28, 2024, an invoice was issued for a Sale, consisting of 1.0 units at a unit price of $264938.80, totaling $264938.80. The cost amount for this transaction was $100000.00, with a tax amount of $13246.94, leading to a total amount due of $251691.86. The receive_method of this transaction was account receviable, and this transaction was unpaid.",
Expense20240128001,Sales Expenses,2024-01-28,3342.58,Director,Staff,Paid,Cash,,,,,,,,,,,,,,"On January 28, 2024, an invoice was issued for a Sales Expenses, totaling $3342.58. The payment_method of this transaction was cash, and this transaction was paid. This transaction was prepared by Staff, and the approver is Director.",
Interest20240128028,Interest Receivables,2024-01-28,417.77,,,Unpaid,,,,,,,,,Interest receviable,,,,,,"On January 28, 2024, an invoice was issued for a Interest Receivables, totaling $417.77. The receive_method of this transaction was interest receviable, and this transaction was unpaid.",
Purchase20231231011,Purchase,2023-12-31,200000.0,Director,Staff,Paid,Bank Transfer,100000.0,S005,Supplier 5,S004,Enterprise Solution,2.0,100000.0,,,,,,,"On December 31, 2023, an invoice was issued for a Purchase, consisting of 2.0 units at a unit price of $100000.00, totaling $200000.00. The payment_method of this transaction was bank transfer, and this transaction was paid. This transaction was prepared by Staff, and the approver is Director. The supplier ID is S005, and the supplier name is Supplier 5.",
Expense20240129001,Administrative Expenses,2024-01-29,6121.99,Director,Staff,Paid,Cash,,,,,,,,,,,,,,"On January 29, 2024, an invoice was issued for a Administrative Expenses, totaling $6121.99. The payment_method of this transaction was cash, and this transaction was paid. This transaction was prepared by Staff, and the approver is Director.",
Interest20240129029,Interest Receivables,2024-01-29,399.97,,,Unpaid,,,,,,,,,Interest receviable,,,,,,"On January 29, 2024, an invoice was issued for a Interest Receivables, totaling $399.97. The receive_method of this transaction was interest receviable, and this transaction was unpaid.",
Sale20240130040,Sale,2024-01-30,216405.22,,,Unpaid,,100000.0,,,S004,Enterprise Solution,1.0,216405.22,Account Receviable,C019,10820.26,205584.96,100000.0,116405.22,"On January 30, 2024, an invoice was issued for a Sale, consisting of 1.0 units at a unit price of $216405.22, totaling $216405.22. The cost amount for this transaction was $100000.00, with a tax amount of $10820.26, leading to a total amount due of $205584.96. The receive_method of this transaction was account receviable, and this transaction was unpaid.",
Sale20240130041,Sale,2024-01-30,272245.21,,,Unpaid,,100000.0,,,S004,Enterprise Solution,1.0,272245.21,Account Receviable,C014,13612.26,258632.95,100000.0,172245.21,"On January 30, 2024, an invoice was issued for a Sale, consisting of 1.0 units at a unit price of $272245.21, totaling $272245.21. The cost amount for this transaction was $100000.00, with a tax amount of $13612.26, leading to a total amount due of $258632.95. The receive_method of this transaction was account receviable, and this transaction was unpaid.",
Sale20240130042,Sale,2024-01-30,2313.08,,,Unpaid,,1000.0,,,S001,Basic Consulting,1.0,2313.08,Account Receviable,C006,115.65,2197.43,1000.0,1313.08,"On January 30, 2024, an invoice was issued for a Sale, consisting of 1.0 units at a unit price of $2313.08, totaling $2313.08. The cost amount for this transaction was $1000.00, with a tax amount of $115.65, leading to a total amount due of $2197.43. The receive_method of this transaction was account receviable, and this transaction was unpaid.",
Expense20240130001,Sales Expenses,2024-01-30,6484.02,Director,Staff,Paid,Cash,,,,,,,,,,,,,,"On January 30, 2024, an invoice was issued for a Sales Expenses, totaling $6484.02. The payment_method of this transaction was cash, and this transaction was paid. This transaction was prepared by Staff, and the approver is Director.",
Expense20240130001,Administrative Expenses,2024-01-30,15370.59,Director,Supervisor,Paid,Cash,,,,,,,,,,,,,,"On January 30, 2024, an invoice was issued for a Administrative Expenses, totaling $15370.59. The payment_method of this transaction was cash, and this transaction was paid. This transaction was prepared by Supervisor, and the approver is Director.",
Interest20240130030,Interest Receivables,2024-01-30,399.97,,,Unpaid,,,,,,,,,Interest receviable,,,,,,"On January 30, 2024, an invoice was issued for a Interest Receivables, totaling $399.97. The receive_method of this transaction was interest receviable, and this transaction was unpaid.",
Sale20240131044,Sale,2024-01-31,241168.27,,,Unpaid,,100000.0,,,S004,Enterprise Solution,1.0,241168.27,Account Receviable,C019,12058.41,229109.86,100000.0,141168.27,"On January 31, 2024, an invoice was issued for a Sale, consisting of 1.0 units at a unit price of $241168.27, totaling $241168.27. The cost amount for this transaction was $100000.00, with a tax amount of $12058.41, leading to a total amount due of $229109.86. The receive_method of this transaction was account receviable, and this transaction was unpaid.",
Sale20240131045,Sale,2024-01-31,2255.8,,,Paid,,1000.0,,,S001,Basic Consulting,1.0,2255.8,Cash,C017,112.79,2143.01,1000.0,1255.8,"On January 31, 2024, an invoice was issued for a Sale, consisting of 1.0 units at a unit price of $2255.80, totaling $2255.80. The cost amount for this transaction was $1000.00, with a tax amount of $112.79, leading to a total amount due of $2143.01. The receive_method of this transaction was cash, and this transaction was paid.",
Purchase20231231012,Purchase,2023-12-31,200000.0,Director,Staff,Paid,Bank Transfer,100000.0,S006,Supplier 6,S004,Enterprise Solution,2.0,100000.0,,,,,,,"On December 31, 2023, an invoice was issued for a Purchase, consisting of 2.0 units at a unit price of $100000.00, totaling $200000.00. The payment_method of this transaction was bank transfer, and this transaction was paid. This transaction was prepared by Staff, and the approver is Director. The supplier ID is S006, and the supplier name is Supplier 6.",
Expense20240131001,Sales Expenses,2024-01-31,16033.09,Director,Staff,Paid,Cash,,,,,,,,,,,,,,"On January 31, 2024, an invoice was issued for a Sales Expenses, totaling $16033.09. The payment_method of this transaction was cash, and this transaction was paid. This transaction was prepared by Staff, and the approver is Director.",
Expense20240131001,Sales Expenses,2024-01-31,13137.94,Director,Staff,Paid,Cash,,,,,,,,,,,,,,"On January 31, 2024, an invoice was issued for a Sales Expenses, totaling $13137.94. The payment_method of this transaction was cash, and this transaction was paid. This transaction was prepared by Staff, and the approver is Director.",
Interest20240131031,Interest Receivables,2024-01-31,382.17,,,Unpaid,,,,,,,,,Interest receviable,,,,,,"On January 31, 2024, an invoice was issued for a Interest Receivables, totaling $382.17. The receive_method of this transaction was interest receviable, and this transaction was unpaid.",
Purchase20231231013,Purchase,2023-12-31,5000.0,Director,Supervisor,Unpaid,Account Payable,5000.0,S008,Supplier 8,S002,Standard Consulting,1.0,5000.0,,,,,,,"On December 31, 2023, an invoice was issued for a Purchase, consisting of 1.0 units at a unit price of $5000.00, totaling $5000.00. The payment_method of this transaction was account payable, and this transaction was unpaid. This transaction was prepared by Supervisor, and the approver is Director. The supplier ID is S008, and the supplier name is Supplier 8.",
Expense20240201001,Financial Expenses,2024-02-01,15308.56,Director,Senior Staff,Paid,Cash,,,,,,,,,,,,,,"On February 01, 2024, an invoice was issued for a Financial Expenses, totaling $15308.56. The payment_method of this transaction was cash, and this transaction was paid. This transaction was prepared by Senior Staff, and the approver is Director.",
Depreciation20240201002,Depreciation,2024-02-01,45744.93,,,,,,,,,,,,,,,,,,"On February 01, 2024, an invoice was issued for a Depreciation, totaling $45744.93.",
Interest20240201032,Interest Receivables,2024-02-01,382.17,,,Unpaid,,,,,,,,,Interest receviable,,,,,,"On February 01, 2024, an invoice was issued for a Interest Receivables, totaling $382.17. The receive_method of this transaction was interest receviable, and this transaction was unpaid.",
Purchase20231231014,Purchase,2023-12-31,10000.0,Director,Senior Staff,Unpaid,Account Payable,5000.0,S009,Supplier 9,S002,Standard Consulting,2.0,5000.0,,,,,,,"On December 31, 2023, an invoice was issued for a Purchase, consisting of 2.0 units at a unit price of $5000.00, totaling $10000.00. The payment_method of this transaction was account payable, and this transaction was unpaid. This transaction was prepared by Senior Staff, and the approver is Director. The supplier ID is S009, and the supplier name is Supplier 9.",
Expense20240202001,Sales Expenses,2024-02-02,8191.03,Director,Staff,Paid,Cash,,,,,,,,,,,,,,"On February 02, 2024, an invoice was issued for a Sales Expenses, totaling $8191.03. The payment_method of this transaction was cash, and this transaction was paid. This transaction was prepared by Staff, and the approver is Director.",
Expense20240202001,Administrative Expenses,2024-02-02,15719.57,Director,Supervisor,Paid,Cash,,,,,,,,,,,,,,"On February 02, 2024, an invoice was issued for a Administrative Expenses, totaling $15719.57. The payment_method of this transaction was cash, and this transaction was paid. This transaction was prepared by Supervisor, and the approver is Director.",
Interest20240202033,Interest Receivables,2024-02-02,382.17,,,Unpaid,,,,,,,,,Interest receviable,,,,,,"On February 02, 2024, an invoice was issued for a Interest Receivables, totaling $382.17. The receive_method of this transaction was interest receviable, and this transaction was unpaid.",
Purchase20231231015,Purchase,2023-12-31,2000.0,Director,Senior Staff,Paid,Bank Transfer,1000.0,S007,Supplier 7,S001,Basic Consulting,2.0,1000.0,,,,,,,"On December 31, 2023, an invoice was issued for a Purchase, consisting of 2.0 units at a unit price of $1000.00, totaling $2000.00. The payment_method of this transaction was bank transfer, and this transaction was paid. This transaction was prepared by Senior Staff, and the approver is Director. The supplier ID is S007, and the supplier name is Supplier 7.",
Purchase20231231016,Purchase,2023-12-31,40000.0,Director,Staff,Unpaid,Account Payable,20000.0,S002,Supplier 2,S003,Premium Consulting,2.0,20000.0,,,,,,,"On December 31, 2023, an invoice was issued for a Purchase, consisting of 2.0 units at a unit price of $20000.00, totaling $40000.00. The payment_method of this transaction was account payable, and this transaction was unpaid. This transaction was prepared by Staff, and the approver is Director. The supplier ID is S002, and the supplier name is Supplier 2.",
Expense20240203001,Administrative Expenses,2024-02-03,13782.27,Director,Supervisor,Paid,Cash,,,,,,,,,,,,,,"On February 03, 2024, an invoice was issued for a Administrative Expenses, totaling $13782.27. The payment_method of this transaction was cash, and this transaction was paid. This transaction was prepared by Supervisor, and the approver is Director.",
Interest20240203034,Interest Receivables,2024-02-03,381.99,,,Unpaid,,,,,,,,,Interest receviable,,,,,,"On February 03, 2024, an invoice was issued for a Interest Receivables, totaling $381.99. The receive_method of this transaction was interest receviable, and this transaction was unpaid.",
Sale20240204049,Sale,2024-02-04,11896.81,,,Paid,,5000.0,,,S002,Standard Consulting,1.0,11896.81,Cash,C005,594.84,11301.97,5000.0,6896.81,"On February 04, 2024, an invoice was issued for a Sale, consisting of 1.0 units at a unit price of $11896.81, totaling $11896.81. The cost amount for this transaction was $5000.00, with a tax amount of $594.84, leading to a total amount due of $11301.97. The receive_method of this transaction was cash, and this transaction was paid.",
Expense20240204001,Sales Expenses,2024-02-04,3938.06,Director,Staff,Paid,Cash,,,,,,,,,,,,,,"On February 04, 2024, an invoice was issued for a Sales Expenses, totaling $3938.06. The payment_method of this transaction was cash, and this transaction was paid. This transaction was prepared by Staff, and the approver is Director.",
Expense20240204001,Sales Expenses,2024-02-04,8383.91,Director,Staff,Paid,Cash,,,,,,,,,,,,,,"On February 04, 2024, an invoice was issued for a Sales Expenses, totaling $8383.91. The payment_method of this transaction was cash, and this transaction was paid. This transaction was prepared by Staff, and the approver is Director.",
Interest20240204035,Interest Receivables,2024-02-04,381.99,,,Unpaid,,,,,,,,,Interest receviable,,,,,,"On February 04, 2024, an invoice was issued for a Interest Receivables, totaling $381.99. The receive_method of this transaction was interest receviable, and this transaction was unpaid.",
Sale20240205052,Sale,2024-02-05,41527.91,,,Unpaid,,20000.0,,,S003,Premium Consulting,1.0,41527.91,Account Receviable,C007,2076.4,39451.51,20000.0,21527.91,"On February 05, 2024, an invoice was issued for a Sale, consisting of 1.0 units at a unit price of $41527.91, totaling $41527.91. The cost amount for this transaction was $20000.00, with a tax amount of $2076.40, leading to a total amount due of $39451.51. The receive_method of this transaction was account receviable, and this transaction was unpaid.",
Purchase20231231017,Purchase,2023-12-31,10000.0,Director,Staff,Paid,Cash,5000.0,S003,Supplier 3,S002,Standard Consulting,2.0,5000.0,,,,,,,"On December 31, 2023, an invoice was issued for a Purchase, consisting of 2.0 units at a unit price of $5000.00, totaling $10000.00. The payment_method of this transaction was cash, and this transaction was paid. This transaction was prepared by Staff, and the approver is Director. The supplier ID is S003, and the supplier name is Supplier 3.",
Expense20240205001,Financial Expenses,2024-02-05,6837.24,Director,Supervisor,Paid,Cash,,,,,,,,,,,,,,"On February 05, 2024, an invoice was issued for a Financial Expenses, totaling $6837.24. The payment_method of this transaction was cash, and this transaction was paid. This transaction was prepared by Supervisor, and the approver is Director.",
Interest20240205036,Interest Receivables,2024-02-05,381.99,,,Unpaid,,,,,,,,,Interest receviable,,,,,,"On February 05, 2024, an invoice was issued for a Interest Receivables, totaling $381.99. The receive_method of this transaction was interest receviable, and this transaction was unpaid.",
